accelX,accelY,accelZ
-27.17,-10.06,998.26
-30.41,-12.69,999.58
-31.12,-11.61,999.22
-27.29,-10.89,998.86
-28.73,-10.30,1000.18
-2.27,-41.90,831.39
-18.67,-11.73,1002.21
-31.24,-16.28,999.94
-29.57,-5.39,1004.25
-27.17,-15.08,994.67
-31.60,-10.77,1001.14
-32.92,-9.70,998.38
-29.69,-10.06,999.58
-31.96,-8.02,999.82
-31.12,-8.50,998.74
-29.21,-10.41,999.34
-31.36,-9.58,1000.66
-29.57,-10.18,999.70
-29.33,-10.30,999.70
-31.72,-9.82,1000.30
-30.17,-10.41,999.58
-30.17,-10.65,999.82
-31.00,-10.41,1000.30
-30.17,-10.30,1000.54
-30.65,-10.53,1000.78
-30.53,-9.70,1000.66
-30.41,-9.46,1000.66
-29.93,-10.06,1000.78
-31.60,-9.82,999.22
-30.29,-11.13,1000.78
-30.05,-10.89,999.82
-31.84,-10.41,999.94
-30.17,-11.25,999.82
-32.20,-10.53,1000.42
-30.05,-10.77,999.46
-31.24,-9.34,999.70
-31.00,-11.37,999.82
-29.21,-10.41,1000.42
-29.81,-9.82,999.34
-30.05,-10.18,1000.66
-31.60,-10.18,999.82
-29.81,-10.65,1000.06
-31.12,-9.34,999.46
-29.93,-8.86,999.34
-30.77,-10.89,1000.30
-30.05,-10.41,999.22
-30.77,-10.65,998.86
-31.48,-10.53,999.70
-31.00,-10.18,999.46
-31.36,-10.30,998.86
-30.17,-11.01,999.34
-30.65,-11.01,999.82
-31.48,-9.46,998.62
-30.89,-10.53,1000.54
-32.08,-9.70,1000.66
-30.77,-10.41,1000.42
-32.08,-10.18,1000.30
-30.77,-9.94,1001.49
-31.72,-10.65,999.10
-29.93,-11.37,998.98
-30.77,-11.97,1000.42
-31.24,-10.41,999.82
-30.53,-10.06,1000.06
-31.12,-10.89,999.82
-30.65,-11.61,1000.42
-31.60,-10.41,1000.30
-30.65,-11.73,999.22
-30.65,-11.13,1000.06
-31.00,-10.41,998.98
-31.00,-11.73,999.70
-30.17,-9.70,998.86
-30.65,-10.77,1000.06
-30.41,-10.77,999.10
-30.65,-11.37,999.10
-31.00,-10.18,999.22
-30.89,-10.18,1000.18
-30.89,-10.41,999.22
-31.60,-10.06,999.34
-30.53,-10.77,998.62
-30.53,-10.30,1000.78
-30.17,-10.06,999.58
-30.53,-11.85,999.46
-32.32,-11.13,999.70
-31.24,-11.49,999.70
-31.48,-9.94,999.34
-30.53,-10.77,999.58
-30.77,-10.06,998.86
-31.12,-10.06,1000.54
-31.24,-10.30,998.26
-34.36,-11.25,987.73
-29.21,-12.21,999.22
-32.08,-11.37,1000.42
-28.01,-11.85,999.82
-31.60,-11.37,999.82
-28.97,-12.45,999.46
-31.72,-10.53,999.70
-29.93,-11.37,999.10
-31.60,-10.53,1001.14
-32.20,-11.97,1001.14
-30.41,-12.09,1000.18
-33.04,-11.01,999.10
-29.09,-12.57,999.82
-33.40,-12.33,1000.18
-29.57,-12.93,999.34
-32.44,-10.65,1000.06
-29.81,-13.53,1000.42
